1187
126
244
1371
978
1598
280
1769
1477
1218
87
1509
2349
1526
1481
1430
65
646
2425
704
89
1229
263
915
765
1773
755
2142
1386
1726
877
2004
1619
2107
1888
976
669
394
2332
406
639
948
225
547
701
1721
149
814
62
264
418
255
1141
328
2254
1563
895
1816
444
2117
267
1706
1703
566
272
5
388
209
2358
947
240
1677
2247
2108
1846
151
39
1570
1365
1446
2259
691
1610
1348
1914
719
2394
1506
2339
2391
99
1162
1056
1511
2060
1980
832
1301
962
1670
482
431
690
1404
1959
1072
584
1583
1940
1302
1623
12
2409
651
339
1968
1554
1117
604
41
1079
1408
389
52
245
663
1853
1362
11
2172
858
430
456
1180
1848
441
1893
1329
433
1341
734
2253
2177
374
150
2164
542
2387
1761
489
26
48
800
1696
1416
2326
1765
1651
473
664
1644
440
926
2202
1634
2373
1513
15
163
1757
1866
234
2329
637
400
569
2250
2375
580
537
330
684
1561
742
285
1476
1715
350
2348
1304
655
2050
1078
848
1546
192
1398
2099
2063
154
715
1519
1712
184
1390
1046
2305
1347
2283
1910
2128
2220
510
1693
1364
446
836
1191
298
924
160
1983
442
198
185
2333
1097
223
346
1447
1004
721
1399
218
2240
541
1669
1905
104
1992
27
2284
256
2276
1023
754
907
882
1069
375
2378
2122
461
165
1847
2262
1919
424
1284
1053
2154
2428
2098
1394
1280
32
2288
1949
2309
2133
1725
1928
1016
1590
73
2290
282
487
1641
1038
412
164
1167
503
1179
1137
2115
1780
1870
1140
1650
16
383
1185
342
1732
1313
2397
2047
758
176
826
855
965
615
1568
474
136
34
364
1741
2322
2010
623
252
1974
1289
303
1391
1291
700
254
822
1885
2367
1192
1954
1351
1660
465
1499
2426
2135
25
1007
1013
594
1104
1532
2315
860
1099
893
2228
1666
1333
1452
764
2236
1996
70
2206
1346
1125
2029
1503
2065
1604
934
2403
553
1387
1199
1063
356
310
74
1089
2003
596
1599
1200
1236
1250
558
1120
2418
343
1941
1327
141
1293
2139
1115
1005
1899
1522
888
332
2232
1033
2152
919
846
145
1798
2179
203
64
521
2383
729
564
743
260
1482
2400
2295
1714
101
920
506
599
1738
1139
2374
1637
2292
2360
157
215
1642
999
1815
838
1168
905
190
2382
1565
579
808
781
425
961
6
2180
2342
2114
806
957
1697
1028
479
2225
1349
731
827
1803
1231
2126
1841
1084
980
1624
1592
2429
1020
2353
2423
1747
477
737
1247
789
2054
605
2230
1045
1665
897
2203
1442
2278
367
2242
494
452
1661
1066
899
1971
2013
2091
28
839
966
429
643
1845
1470
1692
1478
1193
1098
1791
411
243
1887
1593
2023
1276
1884
97
857
1047
738
297
1835
1548
1248
1128
863
1415
2178
177
1897
421
497
2303
1283
1011
2086
80
527
2188
331
2314
575
1825
1718
2264
1472
309
371
220
931
435
458
281
2017
19
1144
1249
2064
1952
1484
872
1578
1222
2275
668
652
1929
471
286
959
1596
1350
1902
1492
468
31
1342
1514
1510
1649
213
2136
1864
2092
1551
496
93
2106
1806
211
683
51
329
1294
788
923
2021
221
381
1309
2424
322
1002
1067
1357
270
1377
1186
1495
1451
1562
641
2371
2386
378
1572
1456
693
535
1527
1466
405
1014
1171
2059
1863
2302
891
1921
426
963
608
2410
2162
107
1934
78
530
1545
408
835
1240
385
890
370
2198
1196
834
1384
660
968
1336
1957
307
359
1355
258
1441
1400
1617
979
1785
1298
337
1211
1154
1425
1862
2319
1890
2147
1777
368
1317
2006
2095
1219
502
2043
1633
2327
1823
1822
438
1409
316
250
2110
499
1800
1118
1731
1779
324
1424
291
102
1922
1500
2325
1933
29
1256
1759
475
1880
1730
2252
997
1577
146
1389
2207
1198
1553
716
559
847
1560
293
1292
227
1627
392
246
1039
2234
314
2421
1465
1434
1727
507
287
1927
1956
1632
813
467
699
1462
1906
189
109
500
2035
1679
1149
1305
35
1148
1485
103
380
1814
1645
304
288
1861
167
1252
1064
485
2109
2341
1789
2041
224
463
2186
1673
697
201
1358
2176
1976
816
951
1040
2392
318
936
158
2113
2145
1931
106
1241
1146
2238
17
741
204
137
46
1413
1953
1977
1827
955
1891
1801
1686
1310
1307
750
2111
60
1994
2412
135
1970
1534
1564
918
212
850
949
2413
1113
1157
1754
2072
1021
1912
1895
2293
844
1421
1521
92
1111
555
1319
90
685
1407
196
692
2321
1652
1337
427
796
1080
1856
626
2361
2089
2070
2161
1201
91
1667
1114
30
2151
2148
2102
2389
1458
1263
312
1071
1453
1356
2241
661
1533
648
1717
1638
1502
257
1373
534
606
619
744
670
1226
1050
1998
1463
1544
1987
1435
0
894
325
753
1459
1700
2419
728
2217
124
1702
2181
335
574
45
498
469
1748
495
18
2311
889
484
1999
1429
2093
1518
1739
2356
932
334
2119
1807
2301
241
1300
941
121
2150
132
2435
1605
2031
884
1396
2051
811
2274
1916
1443
1234
122
2336
1658
1401
1557
119
1158
333
2081
597
130
1723
1081
1812
1164
2084
1035
66
269
536
42
837
1372
1497
1376
2395
602
1947
480
1224
238
909
372
2030
2165
2169
767
1468
1945
854
434
2062
352
2297
2137
2281
2344
414
568
595
1075
259
1832
206
1960
2417
666
504
390
1640
1161
1942
1736
228
903
2039
1764
1699
1026
1657
818
1262
916
988
649
654
341
153
560
587
1457
782
714
1937
1070
79
268
1896
321
1838
970
1184
807
1330
1674
2001
292
1979
1197
830
261
183
1668
1489
842
1246
1894
1756
1614
409
659
736
1767
2294
2008
2377
607
1181
667
861
820
2338
1774
771
675
96
1787
2174
1536
1584
490
2218
577
1195
2053
181
773
1223
1094
1483
1264
552
2208
2324
2328
1471
939
779
233
248
1990
770
735
1907
777
14
762
1018
954
1995
391
279
8
2300
1834
1044
1027
365
532
775
1126
348
543
2067
935
759
10
823
271
1003
1323
1950
1589
586
232
1105
21
2219
301
956
678
1160
1986
2270
410
768
757
786
2263
761
2121
1755
1625
2320
1935
1215
686
1842
1837
2005
1182
2127
2171
58
1343
1068
2390
142
1915
2011
1708
928
376
824
230
1964
2068
1603
1049
2323
912
1951
2187
1707
1121
2269
1206
578
1238
2213
1944
784
67
1469
2243
751
486
2299
455
2355
829
353
290
1648
981
202
1719
600
2205
1136
428
1261
975
707
1101
2260
1074
1664
993
2018
2112
674
2368
748
1501
1965
695
420
1271
2277
117
868
357
1312
118
780
1383
561
1000
120
1535
1444
2308
1147
1405
1065
1273
1793
2268
156
1758
1156
1606
2340
1359
399
323
57
1580
1272
720
1682
1254
1547
2384
171
2251
702
1019
1207
994
1102
9
2123
1017
2144
819
404
1423
2398
454
1054
517
1683
1205
266
450
327
725
662
1746
1036
2157
1567
2036
1877
129
143
2432
3
2049
1419
43
792
1591
382
1010
1612
24
347
2212
887
1190
1920
917
518
1923
870
2027
1574
1997
1817
2204
1722
1448
1096
1972
548
2149
1233
1345
1529
866
81
2015
1762
123
1306
1516
1285
1123
2318
1100
2229
1428
864
1809
1491
386
2033
1445
992
2407
1939
952
1571
2120
1622
1103
2125
2000
1393
1119
2233
147
1913
1001
1613
1427
296
1417
612
603
1876
929
1008
1618
481
1360
1174
2285
379
1579
1763
1981
1265
799
2170
892
2334
1202
2082
2369
1290
2153
472
1344
2130
601
2231
2244
987
622
1412
40
1295
1275
1872
2104
876
1873
1422
2272
2380
1781
2079
1691
295
1122
1381
1326
1616
2337
1750
175
262
944
927
95
2193
193
2024
2101
843
443
2393
801
1242
609
727
398
1528
1840
1828
180
453
1788
1496
871
1173
251
1701
2085
2197
2080
2012
134
214
1813
2214
1635
397
821
462
1410
77
1450
2433
182
199
1505
2195
1734
2038
2312
242
2168
2155
1299
613
1006
84
549
1918
713
222
1107
1582
528
1790
671
520
363
362
226
938
636
1684
1127
2365
582
1208
1420
2372
1034
1245
1288
148
2359
1352
200
360
1437
1608
2388
1110
1239
1654
56
422
539
299
1132
1159
1600
2078
373
803
1455
943
1243
449
1678
194
1868
529
1810
401
1630
1130
1363
740
423
2045
2357
763
1212
275
2261
1566
1729
712
1217
1086
488
483
2200
865
2189
665
2216
1314
774
1088
2183
2026
986
1194
732
2194
990
1811
1936
63
22
1537
974
2076
2048
2190
1395
2416
565
703
1908
526
747
1361
283
1615
1784
1244
625
2131
867
159
1689
873
958
545
1961
1744
448
1733
144
793
1782
1751
2304
2100
617
680
2132
804
2160
1402
1166
1690
2414
1898
1655
1991
1926
249
2090
1724
1831
33
1507
1083
1517
1629
2306
127
540
436
1267
724
1588
632
1609
1403
1871
131
1982
710
653
696
1170
1882
1802
54
1460
2310
305
1531
98
2020
1602
1943
1480
1946
544
1504
361
2159
1850
1440
1270
1318
195
2404
2258
1176
2406
1963
2246
2289
1539
797
511
308
2245
1178
505
1797
1626
1095
983
2402
1315
2124
155
1043
1277
1844
524
614
635
2002
688
2016
973
59
2056
37
1487
1852
1716
1966
677
2226
2223
1969
1607
1235
2087
476
570
2431
2044
1255
179
1163
460
1085
2280
967
1586
2022
2343
168
1077
817
1818
1335
681
2019
1901
906
812
1418
1340
1646
1366
72
679
1988
1772
1676
1257
366
533
1474
1259
2129
1322
2088
658
247
2401
493
1009
964
1051
1628
2346
50
2025
2097
1595
2317
1556
629
2156
772
1129
1473
810
178
319
300
1411
1541
1836
2307
403
787
187
1555
1753
1135
1849
1695
2040
1467
1710
1698
1237
7
217
2256
166
815
1743
1752
1795
1108
407
219
1805
2103
745
953
711
396
1152
2175
1486
315
1030
229
1131
68
2034
76
802
1671
2237
1867
2222
1227
2071
265
317
1204
694
998
2058
1189
2083
2354
1287
1962
749
1385
445
2330
1799
2266
1378
1041
345
2094
1776
647
1325
2411
1552
1662
128
384
1213
276
913
1432
621
878
1587
100
2345
1278
2077
1955
739
191
1938
598
1675
1611
2066
1461
387
2032
795
1594
2257
23
733
2267
657
1210
110
1601
546
592
278
1860
991
2028
523
519
2221
1142
682
437
2
2249
1221
1106
2385
790
1281
1794
1967
459
1879
1143
2224
705
849
2420
969
1073
113
2396
930
2352
2163
1889
611
1175
630
910
766
610
306
1740
1656
1464
591
1493
1061
1663
1778
1525
508
186
2166
44
512
1520
573
464
1214
1379
1203
2158
676
589
1735
590
2296
320
718
20
982
593
302
115
1878
1581
640
